-4.2611296564179664E-4
0.25778556454834683
-0.03242038539360108
0.03400062813599514
0.011087665460303688
0.29805375811831925
-0.1861113370283219
0.11643434295733375
0.7525941620263095
0.287344914692792
0.2687018524635508
-0.3578535721983649
0.42767071436940557
0.035859986735467364
0.1902108337071197
0.980900399085848
0.9921955142030965
1.065396581604119
0.6581218574278979
0.21002218429166977
0.6564784101140019
0.34896665645394787
0.3234908496108723
0.0898832823489007
1.1365916466382873
0.30002450917476986
-1.9302677969880169
0.5168117712654765
0.2700672713092447
0.3058984546074712
1.155171314210021
0.21061079011377531
-0.18086479519209295
0.6903712071545358
-1.452302556067188
0.2728336833297132
0.4866230608261515
0.5741911300754723
0.5777506630961581
0.9384077072245706
0.8542549742173405
-1.0749571219452272
1.2664549563850724
-0.21091818449650884
0.7382885368866797
0.4194437765133616
-0.8730067120482958
0.8560553949880553
1.4803817490542999
0.14294429157098307
-0.5798989235219865
0.7064619569310693
0.1424552295768209
1.3152235237874075
0.24373357075317606
-0.9936969184423239
0.24264952418789743
0.6473799113600072
0.4706078823421206
1.2682608559588209
-1.342158741706588
1.2786873723197913
0.053123841250080996
5.297687738926077E-4
0.5349717457231711
-1.1438826821063959
0.2440475004014054
0.20495446557628583
0.2975163597050228
0.4234842036175107
0.24626623113678256
0.14848805752611957
-0.6670355838646655
0.7327083402626419
-0.5669302713999881
0.40329925779259723
-0.15402258148456943
-0.2326353950567009
0.1921458001023686
0.33146624119511714
0.7672936349479506
0.27881061256971346
0.6826237738942065
0.05699681147443126
-1.401685688575839
0.2652121258651503
-1.2568279840597352
0.7262082097755461
-0.8660631082659582
0.19695601864912884
-0.36776731219232145
-1.0387498194143552
0.9667436670333901
0.4269464328285867
0.22909931399674158
0.529655091674291
-0.43291404810949896
0.5144239421623014
0.039005053286799214
0.7741592810906642
1.150869443232607
1.7745847460591582
0.3919001149049315
-0.1252455011898225
0.7741788452190187
0.00424111397287986
1.2728683710481044
0.04558015494596162
0.4107354562828634
0.5902649101595259
-0.01746178177286321
-2.165817140992239
-0.08296892864344722
-0.16030518374493286
0.21677338560648943
-0.3107062384716149
0.35251475473542404
0.4342366842108579
0.30292800686463156
-0.7501166875640173
0.10841516181068422
0.5175828299995163
0.055930126166062064
-0.09888620507586873
0.22347497378818482
0.5730765010331045
-1.0636169271067464
0.3302649667839762
0.5794896215903554
1.1781870452081173
0.18493706111021316
-0.9958241741391313
0.4205597063575027
0.7141885205425763
0.47036850796820173
-0.058658267980964775
-0.41582346584144136
0.30727937931787375
0.2878595071460491
0.5262586887916936
0.04701667981421248
0.38283985908947404
0.3753129493519843
0.745910107536079
0.15168704258161092
-0.31111577736796825
-0.16466065619735745
0.5683217320207967
0.14067975871304828
0.3519020175090458
0.8988526214851609
-1.494177065994047
0.9693188410518496
-0.11506806421654606
-0.40883022400981134
-0.052940307802081865
0.03519997041416058
1.0411450701882332
0.13142828962646974
-0.5238586907430556
0.12503949527825123
0.43523578344226665
1.1043253066908199
-0.014945570763082661
-0.46126924950686315
-0.32395130098160463
2.7931525671172808
-0.31342844652055496
0.6363607467445557
-1.0295896136012812
0.8614743521142664
-0.3730675671697637
0.3947078246676347
-0.217270283153753
0.4826666652846613
-0.0350192328161267
0.5470409372088152
0.4990183167501398
0.33875869667613817
0.579766154016544
0.08403268780204746
0.11989974332736748
0.24264817626287313
0.4704045106520641
0.5917591937370408
0.00468455018665547
-0.050345373008872485
0.3205883239241975
-0.019519867555916618
0.31676120051674245
-0.14135552041916813
-2.9884695470463307
0.30072979879923456
-0.22511608327751376
-0.2666831554519088
0.5039963029962361
0.7316369908561596
0.5063110056700921
0.18057801101366297
-0.6299826221565297
-0.17418555105734654
0.7571659457803934
0.40106478238494
0.747150783375427
0.2902329695020203
0.25225598270838456
-0.08788077157961838
0.03587401925388726
0.6150334420884567
0.05987297841717467
0.06994801019840065
0.5879920515921133
0.4008694800900325
0.468213579050256
0.6290016066071884
0.42856612091515983
-0.16674966742016623
0.52698842123293
-0.031067620622908215
-0.18561183326754008
-0.5355377890984251
0.5420363565201772
0.6562881789628214
-0.2937768069101913
0.8865969307069558
-0.13079674117041856
-0.17384804406295312
0.6120700910105711
0.3444421855689357
-0.1464717609857655
0.10877944101448307
0.06350591374010474
-0.08650771286328951
0.17318895309437632
0.33523271905294655
-0.06077102029323402
0.20995251806803414
0.7941670953008019
-0.21684393766033533
-0.16222529764971808
0.05862122468496792
0.22965239004240523
0.2513616720486856
-0.11041606353928399
0.25574993821031133
0.730329774055263
-0.029449904488839173
0.4933589627325233
-0.3047666100759365
0.9564883294881077
0.4248830045165569
0.10963382105228991
0.3978435569697052
0.6702546368546866
0.06860839370223915
-0.18822072590035135
0.27477667126895644
0.8367331742748483
0.42125786890425426
-0.197895748830417
-0.08155315813704472
-0.10080324457770237
0.12531534333559471
0.671692787302177
0.22877193009290214
0.45568123260980314
-0.28558680543099924
-0.4058834224976336
0.0536702163154661
-0.19130586587415296
-0.04933486036992521
-0.1274722956370744
-0.14111228692402503
-1.020886710823283
0.6823083146807555
2.1111674750245353
-0.9521309820971151
0.5605271358690836
0.049219508341035244
-1.9332664209903454
0.6031572486816208
-0.3286004254271394
0.9051102871861806
-0.5004357427807896
0.29484990080305706
0.022279055383221537
2.5777441957064107
0.5791995754728165
0.0271922164722858
1.240699434144607
0.23442175046155667
0.09564794821220444
0.6285914712405704
0.6434355495165954
0.1765410058011546
-0.14407024047507028
0.3254797492524216
-1.7214659563165255
0.28227393828180963
0.4891275377004712
0.4182600693459619
-0.21446921901555607
0.19009891902153653
-0.09368521332777066
0.766972011471062
0.27976427652642316
-0.2725866325887886
-0.2209238601351265
0.45258062227487095
-0.10152723727582098
-0.40903359907139747
0.37668396166220663
0.14712928591602858
1.5515636725660964
-0.09357474397327657
0.6178332732778423
-0.21739513516186829
1.8415764395352279
3.000662357143185
2.3423340032195026
0.2867540138311153
0.9925292582215876
-0.1823992978585048
0.5698820331736191
-0.4361973322131709
-0.24478743969816052
0.058990965572432615
-0.2710237935201015
0.11258979872560172
0.389198348092774
-1.9357497552691498
-0.2293347491566541
-0.08936527051788813
0.4186599663297656
1.0777811853579524
0.6923138100826951
-0.1002820058959448
0.18533974283140023
0.7123675382346703
-0.29669274474678053
0.49564794787553923
0.07374157087423626
0.34716413240173627
0.08520116209876091
0.6818294005868917
-0.5465858092333858
1.1904339792401448
-0.4804435508713533
1.7493338247446437
0.4158689314437649
0.6752287327303377
0.5933645832723049
-0.0977529102954122
0.45598569382924065
0.06803605066052848
-0.10193761899726288
0.4546043240256814
-0.05561780134719792
0.6293002267266841
-0.40491097470410653
0.3114952065673608
-0.10034944715079405
0.05936782212675399
0.4234532024526863
-0.23217968751306817
0.14491505284177977
0.1450897034726426
-0.9186292692345881
0.25120057172567223
0.5744074379078032
0.507059010828958
0.03097685687131649
0.14771855686964422
0.10625478522161445
0.03266337100747644
-0.37838557508326304
0.5036154087669881
-3.0300732258036245
1.9468218957094583
0.053558215121556674
-0.8178356676175624
0.03672159381145228
1.4813097478959372
0.5891607959142505
0.3041844224332122
0.5851705520694962
0.07680490944286752
0.3379643522892915
0.6618155621435869
0.24572062702451805
0.6754832257276784
0.05784468182260459
-2.8569711756780154
0.48179234422065315
0.37102344363344125
0.4242082409474284
-1.441137241397052
-0.3501003725741011
-1.4257109500192078
-1.6571692976910062
0.17688887795229136
0.13562204476899167
-0.21219984279266546
0.2734855857747531
0.09667964871919549
0.03619314374318377
1.020196392212873
0.6926351348199817
-1.2540724085355566
-0.18887152175719515
0.658939787705565
-0.1548836659832218
1.0754579498447516
-0.24557907153064623
-0.5967399927594728
0.1549163070749681
-1.3069994937985088
0.164643876347259
-0.49443131348212366
0.3014675339519366
0.08201821545796144
0.5869602887113144
0.11396172118623331
0.021476505265436072
-0.4261073428296617
0.14090417607464475
0.745740247648339
0.2676081770808137
-0.012747226789719124
0.20263751906596403
0.9924073488112147
-0.39097347626323425
-1.662757427807211
0.42289228707747806
-2.6074890121838035
0.20902104701103671
-0.6709416108377496
0.09878654639711672
0.4063943998151682
0.1564886884179661
0.10139404262549102
-2.4549646279212425
0.11060929075047887
-0.42201422076839284
0.49856709116202075
0.672839446364314
-2.3493285536791393
0.013945745108759773
-1.3873687747033114
0.051736411524276646
0.3046909748424898
0.6346993922248304
0.01721774005354417
-0.36009329520698535
0.06923701439675692
-0.29454401829486737
0.6604022656376585
-0.2170615630961115
0.08298325825716216
-0.01786892358723389
0.5690463124685217
-0.6001240371348603
0.19712922456555754
-0.5448346806659384
0.33772305243225303
-0.01355107661575559
0.31664520909921745
0.2995623105765178
0.35479552063065894
0.4663849938217998
-0.19077244993694745
0.20282963772605322
0.1266241633626766
-0.8798182974161394
0.18368096398226041
0.17869587772786508
0.36785621327742757
0.2514872359165599
-1.244214314079517
0.5044757237367642
-1.4718987045246066
0.07878372450827296
0.06856793725115673
0.295873006657019
0.3936597952132567
-0.012280333832378828
0.8212107236625025
-0.18648722995474182
0.2804781509595976
0.3044848380806865
0.019328469057535654
0.48202488226999
-0.5127090349361351
0.9684907306264026
0.9323180920416525
-0.16098980853172756
0.10237700178914902
-0.0498602564014625
0.13170308245542742
-0.01325828500037099
0.17562460525277374
1.3553216839021063
0.11607448357837126
-1.3436818696683779
-2.3536142209012683
-0.8041450596271793
2.0627047563998655
0.566012465407115
0.2954542295093879
0.0447051577411667
-0.49587655666787767
0.535336792025256
1.8464478780892424
2.381270694164295
0.02912069147882214
0.43995548826148306
0.023069704183169924
-0.5492538500802174
0.11964077863299802
-1.4390661514929337
0.34320988696334404
0.276836593930897
0.5677115452946521
0.47133806221264624
0.1586336577542311
-0.18500357167541145
1.2428195789060164
-0.16704707861492402
0.4064322385199537
0.09595802388174868
0.2098130943101503
0.43328945060422536
0.26752578123470555
0.38986601287844197
0.3862896634968434
0.09011058379086691
0.6158887279805753
0.4636302100746847
1.0495487090894964
0.06302126927591342
0.09946907849123261
0.4141124415127746
0.38996803647075357
0.15349749131358123
-1.340222023181506
0.5823371532616572
0.457690532414342
-0.06276327119167519
0.020696565482828257
-0.48057046999845965
-0.04865616312450433
-0.32653394338256
-0.2386105197441345
0.3352914643855033
0.01565998672488483
0.4188060525709362
-0.06845241949509749
0.42318879641760393
-0.23939566042158253
0.28672132322340704
0.20480836616852624
0.4530285797225775
-0.09535434772384888
0.08628210339998592
0.44732248485496345
0.08875969558601338
0.9430391739360262
0.30977364136665336
0.07074732723770613
0.31761991407348256
0.9853892272639472
0.42378824385866376
-0.2504269670363949
0.25037228285534374
-0.41946650354845255
0.7469885529125182
0.25360270424738424
0.1951495550994219
0.2651663419248946
-0.21245147455119684
0.5326134406344806
-0.4742364918131722
2.4410044083895865
0.2121772129622783
0.019581865830497643
2.060227792389971
0.30665863726993886
0.18559497261918076
0.27845786201156414
-1.6815335664474238
0.12654642426779789
0.09958735497001067
2.591376239783428
0.35635456766773577
-0.08481165140831319
0.5216821392234308
-0.190983980296557
-0.14404443498274505
-0.5003827692474608
-0.11753825622997775
0.37530228166430757
0.957333158883567
0.4592609819343558
0.4471348590863865
0.020776796719047894
0.31541111219595563
0.5019445564126859
-1.6641924122408
-0.10079466379862365
0.24622985089486832
0.478795014740561
0.24243372578647424
-0.2587969268952767
0.32512690811975486
0.10712976782138206
-0.35598492799588033
0.1634760538431008
0.45170019410693835
-0.4347995889927326
-0.2151603762366071
0.21637466469040592
0.16109380640046678
0.11866202598420317
-1.9703722259508347
0.7132587794052149
0.39998753311848406
0.2186751175246244
-0.19090056695481555
-0.6764719684426126
-0.21363626137272376
0.10039458014781862
-0.29403947181777573
0.16003622248374602
0.43747767512250857
0.6929741827408213
-1.618861674482303
0.09230759224608336
0.4591890374048904
0.03502523511429195
-0.2863963850833195
-0.3960846118517328
0.38913012975909467
0.004793952222826519
-0.10645059712517084
-0.5778265848396908
-0.12687855070218357
-0.004808058525678213
-0.19027076653957775
0.0442669259652673
0.21124937364898527
-0.2817843418122749
0.18014857320680747
0.03784561133522067
0.29308706217351027
7.846203974395615E-4
0.49120484142147336
0.867151513821125
-0.09372134551159801
-0.468801832737747
0.5125063480845206
0.11444216957614764
0.6933288179430155
0.07363314739567137
-0.22717407050963864
-0.21905090851328013
0.18754677995762437
0.4394987625943484
-0.3654309846668859
-0.2054407946065895
0.5589885283522741
-1.6291653217702124
0.6353141475839487
0.2576487595553782
-0.8052863036846277
0.5357538244730796
0.032764374967938846
0.34626816240995983
0.5313711263537411
0.5445376441936574
1.0820229276527784
0.5422501872135225
0.096042144617936
0.513123858098743
0.5516592982316622
-1.597212059598734
0.008995996179966204
0.1403416769209383
0.7465243419691896
0.2609735021889161
-1.010323716664805
0.17003357115118092
0.31784959519498013
0.43025457906608855
0.1378402278037004
0.2896454471205146
-0.34551270678256096
0.08904045861001945
-0.15083373510195605
0.1312851779014268
-0.05809099179333749
-0.23859947202087312
-0.08100472771426372
0.952551192580369
-0.07047455827721298
0.16336040745242494
0.7163885998142177
-1.5623018673662237
-0.059553892768098984
-0.045073344238525395
-0.004391834848613636
0.9369560193192026
0.44451325127472785
0.7263368877839262
1.4090952374450931
0.04587145291534751
-0.04984749090550479
0.1387237199758284
-0.037774271274899615
0.2273019777757212
-1.6058106951613664
0.5057194350241989
0.04076371081936264
0.19951711479728734
-1.5319849199046984
-0.03809203182483512
-0.35553438837969
-3.6575517087289537E-4
-0.23077756188026
1.7407334127915164
-0.5177245903080072
0.05774629920319238
4.8658909287880735E-4
0.014251128626775349
0.39196779374777335
0.007728358518755218
-0.21149704934602492
0.6901633653571289
-0.03012642235860334
0.0028177062530852317
1.086514301783841
2.164117471587725
0.21531464744780016
0.15023990421674974
-0.21597905905587272
0.7581626498327164
-0.15243422518655889
-0.015408329695353834
0.3272845099355579
-0.08459436740583236
-0.03414625113263107
0.09696281509134001
-0.28554340864932665
-0.2426827756917234
0.5154245700850126
-0.04159937823147866
0.40841502374021216
-0.3401221531447293
0.2057306984428421
0.18180355347869256
-0.13846623247014817
-1.6129243644620024
-0.38740203670311757
0.7192491738721284
0.4704757576478497
0.45213913741230444
0.6789470859197465
0.6733601314415503
0.24475432032776642
-0.26912117748662284
-1.021733251460107
0.07806325833671039
0.755633751767929
-0.9421645330428519
0.6500594133282673
-1.4077997946877876
0.2167793609479519
0.0930759030286634
0.49340269777258056
0.4553604826158994
-0.014462099841135305
0.5136943554068325
0.3655625212701708
0.9714972069529364
-0.19410280428128718
0.997200060422527
0.6554765501199987
0.2955999313199131
0.26132874077235296
-0.21358903200186607
-0.12201496645963521
-0.40179217126119393
0.40071329435071307
0.07318190993552771
-0.35326053862968604
-0.3182639710790645
-0.5181736609681318
-0.15374775907687768
0.35753465983347593
0.9239175482638341
1.1860658917564206
0.022566484543386695
-0.4986362914478733
0.6231331318419847
0.4034514619905354
-0.22397471096128602
-0.20333251195953678
0.41112075250805685
0.4050700589330985
0.2352544285324007
0.6203059592829179
-0.6121283401593965
0.01895436196576686
-0.16257279702067537
0.3095806666069151
0.7479790615579666
-0.019093280892263604
-0.2832567594111442
0.4821984406025136
-0.703131946701696
0.26226677989664965
0.12518076775746823
0.7438004364175802
-1.4233669297182454
0.12445013730437103
0.13324875672249822
-0.1702601640881026
0.6283086709593764
0.7838905066213109
0.5296140912450562
-1.758117674638489
0.08364223128442284
0.5805513543444745
0.33525188198809747
0.7533965035653112
0.3512460942765697
-0.11881622621004499
0.46384881240964093
-0.5578271383619194
-2.247698822004909
0.23677144258318694
0.7329365490973584
0.15301934512292745
-0.41817772276298515
0.7146431488992225
-0.15738630110852092
0.25951416641904057
-0.13086778323947565
0.29313928520746235
-0.01468372447700824
0.42745431285361146
-0.12516485156389798
0.188151598980705
-0.1612446760551504
-0.766204339359107
0.005337511491596247
0.2154757802076951
0.09960079972505212
1.0763626281410372
-0.36104088200004203
0.7500732678024314
-0.001660577665027738
1.930426323175764
1.7685417525470626
0.6553457220751812
-1.6766821753521242
-0.14667273877997966
0.17838648087494294
0.361383374889207
-0.07171655110087687
-0.18857066333146413
-0.16702305432399045
0.2898986924033625
0.2977523070189437
0.5055554834154972
0.3536076903027222
-0.17581927321332858
0.936530198119512
0.052044937844545225
0.5130895577766617
-0.04183458980730504
0.6816343248613852
0.09851763716334414
0.20369281886817647
-0.9091663072464511
0.17483613586349014
-0.5432877184574407
-0.044462777085231116
0.10049885312420793
0.3036997013937997
0.42050059698845227
0.20367873502590883
0.011533411822920923
-0.319824521720435
-0.325178411151202
-2.842231553530258
-0.07130447067397776
-0.38277847065458137
-0.2982282777105089
-0.6448172967908901
0.5391641522390372
-0.04197493045710307
0.24106356346960034
-0.13586184282904518
0.06364146805325413
0.865840332430151
0.028997415077307263
-0.16040888170084788
-0.49985337561680493
0.5321534699286525
-1.8450967048641556
-0.17273624317048356
-0.05144202271182118
-1.725081001183654
0.6458342605829535
-2.4730984787393457
-0.22015621557166878
0.22486998252034346
0.3163527159012837
0.0519946738640457
-0.41847847614800876
-0.06164612207336386
-0.030739788133740054
0.4804442398750481
-0.0370497818782243
-1.6838987592754497
1.290314740311132
-0.05411988233445354
0.3168278098669296
0.6508964357816629
0.27568154355553876
-0.2684661201647585
-0.10686411283599269
-0.190183443590444
-1.6237924157203938
0.4118381364556053
2.1771849793653457
0.30866037876623503
0.4522720706821088
0.2172563663821476
0.2645982539076421
0.2962149641278168
-0.27934036240186394
0.4626687993892955
0.13737839437407806
0.1342104477705829
-2.372384754242263
-0.26604503647411143
-0.11018160519555611
0.7462278322673667
0.4213055620752663
-0.07791692841541334
-0.044709201143528825
-0.07652982868084138
0.5563419170601972
-0.5913620564056203
0.09455074985149231
0.35029381004369
0.14288312492716257
0.042149144387541276
1.6613599155899181
0.058254723599906105
-0.48537483806658394
0.08873877342895088
-0.08312029126237172
-2.6753590868773665
0.656744207720184
-1.6833231007417937
1.2526710853118574
0.19432367768151917
0.22696395452248724
0.4436428557827335
-0.42990416954364485
-0.3798833939514708
2.299921111308646
0.6241145571164141
-0.4305654794911032
2.0940034636818186
0.06745740685331944
-0.19446529959240966
-0.8602214713986986
-0.16169426838903633
-1.5783436371730681
-0.4093773202018034
0.5632459957286678
-0.13767163034221783
0.7076891907034888
-0.09075055424308982
0.14644999320336655
0.22679234086723146
0.3746540441491292
0.41826621641579215
0.5605583893445528
0.117928990969286
-0.17491504878564665
-0.80727535490043
-0.0019237919557628111
0.7148432607107297
-0.2062850510713041
0.2246196640555597
-0.38947576840496484
0.29199749670350944
0.12435695558133242
0.6964835361142233
-0.18826595466452054
0.29770779876870973
0.3323970243716171
0.9790853725703247
0.36236423997100814
2.3751431177892863
0.42024261232359533
-2.1441481424180764
0.34309959500571485
0.29155028086536827
0.04371275507016065
-0.2399487380433456
0.21771358586140244
0.028644971648437812
0.12865612851556846
-0.07691308431998449
0.12434675539992596
-0.18871457121342092
0.9258678818882015
0.27646373881020386
0.31517161962570234
0.01796375602751441
0.1879415504061677
-0.2554716010730996
-0.2428298302531303
0.15446896827258677
0.725669184507427
-0.09175696387594338
2.1380407229283884
0.5804658724654794
0.7928946478359413
0.2624268651519736
-1.739011091003996
0.6781525439670869
-1.0023035966451503
0.1848692051383069
-0.3564151956968786
0.4071712511325611
-0.691384318143127
0.06931436494531798
-0.039397322667368756
0.7622375134746128
0.09506843521661122
0.5321690705058517
0.8384202764683156
0.5800684183959608
-1.322527787784863
-0.15581412989429738
0.5820967481642341
-0.27884985276907726
0.19823744065690496
-0.29272271265165706
-0.31207549981852517
0.5702809217188529
0.1735588274949305
0.14064592165285925
-0.3201951729198787
-0.026141856542870386
0.4456955331842778
0.5002805121456546
0.5314478352339896
0.25158096187069573
2.919240643922676
-0.1949607507833688
-0.9015515626084563
-0.278028180568376
0.6271303928607493
-0.20997518520519803
0.8123004411366148
-0.0894026344526076
-0.06513972907278773
0.266467100914572
-0.35426653302609035
0.8201673642845021
0.39503267690981936
0.20194233483382493
-0.2001213510958766
0.42850907824999906
-0.20005498017301007
0.12192462701269531
0.4295958924989404
0.13804302789668957
-1.2179772837437182
0.38432460568453947
0.29204603375385696
-0.06320242962598792
0.08853818311612487
0.2913137532276471
-0.08963240360650232
0.8497818232744995
0.3149981876397651
0.3907937846265894
0.07282629055829806
0.33277350747517037
0.07739047495277895
-1.4829140962360892
-1.6730866295365598
0.40068702735066725
0.11473866906172474
0.14837497328967592
-0.703397361364665
-0.6917904801225083
0.7762019935533326
-0.2430443230293929
-0.36745706096462355
0.664611494426587
-0.10970697569622279
-0.2113647795568355
0.4324020322819006
-0.01959311257343203
-0.22796339825608372
-0.24656496168420486
-0.12614320564209938
0.25182708940402115
0.6754442598568042
0.10181742617506047
0.30451019273655616
-0.37298686625383815
0.002513062166959251
0.22404075577588622
0.01939754987675975
0.35706878479620585
-2.4400817149324845
0.03052815119961224
-0.3726411322265062
0.17516926997600726
0.6219129692192095
0.6775834850826538
0.22294980980189644
-0.17953759779222914
0.7030922549997144
0.20436448132309448
1.3225090329970655
0.28791025575190654
0.13666928180498109
-1.6540176053965152
-0.3314254195059928
-0.11751727089203909
0.18815557632078314
-0.11095212335555911
0.053574335576415145
0.24928379337854906
0.3306075419209163
0.487308976338529
0.6692948882817535
0.24299155200578335
-0.3627943392254838
-0.041287041988844676
-0.12539549308427603
0.274767063131341
0.2582477733154353
0.08005519406485999
-0.11636951195237344
0.3692302684775679
-0.25852422637011996
-0.25100186421912674
-0.08632405737559008
0.8069746670518073
0.09600149810634538
-0.27652397722834526
-0.11728051783485663
-0.6363266999484766
0.5676356836654487
-0.14522201188066747
0.5749549371676554
-0.8049656754292286
-0.2946157558016107
0.8699780581826875
-0.1586430327252166
-0.8844936188122855
-0.07037095672775273
-0.06228293080131106
0.02892128016596466
0.11144857684224463
0.2693123780944753
2.586491749907983
0.3769645077360344
-1.8010419888133147
-0.23420487570870027
-0.006543200533792559
0.07838475216467106
0.9814308738918707
0.18584130022190504
-0.23678356172896883
-0.2738632194065574
0.6980440514713137
0.6294925524943201
-0.06398665837030652
0.8702316268476483
-0.24879684351096945
-0.14640729448682635
-0.3203086661206427
0.37237283056547416
0.8002065816862922
0.4337080841962575
0.05520056976450026
-0.34338877924238453
0.6509013755911298
0.18519495612849368
0.239814661272049
0.4678748744174959
0.07181673258300277
-0.2066169068042481
0.47666556879573085
-0.18664463072676718
-0.08724373724651147
0.44596441580162755
0.22336349133274314
-0.528177181051518
0.8214450194719541
-0.09840941685303789
0.19632196360599602
-1.5876287641998894
0.01479474421468051
0.7533420784956857
-1.3938466761435622
-0.13702849419905339
0.5785002183580804
0.10294749312808696
0.5680480661017163
0.27890988849666526
0.196049689319617
-0.06458303551827796
0.4779407350049375
-0.5049794367597655
-0.10590670210752677
0.6864060621876957
-1.80658016319909
-0.1442171244295536
-0.3983857679084193
-0.741940498729042
0.4561814047511531
-0.2929364086486543
-2.7702293511070994
0.4577786342668322
-0.3342363931792781
1.075838886742939
0.33812355943726347
0.13639939890667976
0.14155307153341792
-0.3285509190167478
0.7531264163878668
0.24705500808331646
-0.5415494688468636
0.5641148641625202
0.30079492296747046
0.21144562947621512
0.5332142607050568
-0.05320921160798352
-0.029976057471708232
1.002543263068611
-0.18390792601737277
-1.85573546918144
-0.1508446980697004
0.024386677511238995
0.24862761039108255
-0.18589028968693835
2.471299403525321
-0.5893066933674426
-0.5834249477113048
0.0034032137752219266
-0.06691776037889166
-1.0904867567353975
0.37280376958109906
-1.6543152948177804
-2.853483646995775
0.22653594818517944
0.4213205004751154
0.28561946821672485
0.42398147060108476
2.4482123272418606
0.0969611210488657
-0.28050901839251124
-0.18605758638164474
-2.2869814950428817
-0.007851363914307548
2.4360153739418124
-0.2666131003463008
0.5379384125122513
0.5291312889639501
-0.2293048980046001
0.13180604271130966
0.29763629772806993
-0.21583205237671513
-0.3504265157952701
-0.026001462826300635
0.2890205986097525
0.18139348756707144
-0.730140630895482
0.02196248493958359
-0.4980140698677652
1.057281492185701
2.1563279685992955
1.3971051961569105
-0.15834219823313303
1.8194966406853212
0.2503126550292079
0.6470343908405329
0.008213503536859115
0.38842182005345655
-0.4270074213676022
0.24259175391825713
0.26969057777695543
0.23173247121117393
0.5766382392796104
1.1573370570697143
-0.19480168536842324
-0.058641971304407244
0.31459765116238836
0.8232870149247173
2.507073063694104
-0.42476466867857704
0.49390047840839413
-1.6801835831106915
0.34504347362446
-0.4769048755310497
0.49055946136259027
0.6418063928131181
0.7469852684026351
-0.03557299701867661
0.31852118886242886
0.7784401045226275
1.0179249555501133
-0.06448326734841334
-0.16613499146263225
-0.2810035161580664
0.6201764899911987
-0.3238507521952456
2.216856008526932
0.19625803448701912
0.36027173157275927
1.0080582439691912
0.8638179932009483
-0.5785457167807085
0.39720110461555835
-1.636102197436585
0.23967641051785077
0.23759158118063747
0.031029865439045345
-1.9948346627975644
-0.961589445326706
1.197043980771281
-1.708546875058411
-0.22839262291382817
0.19302306531733862
0.12372331814460032
0.5345761085360555
0.22534892306457627
-0.1141767946760165
0.4011585655597818
-0.7735885032852262
-0.39335814641905525
-0.28420343869238157
0.3026907606833287
0.1078782364264678
-0.25835528405539193
0.7120339964698731
0.041290477256205625
-0.795817992727554
0.22246857920774335
2.205665366269013
-0.9182162330388531
-0.2713634371286772
0.15233927107369455
0.3120422235408425
-0.6511305531346918
0.6345035858339331
0.5039814563086311
0.2143771385809355
0.16026231818210918
0.9934234074327146
-0.45848929396765165
0.4658473935452439
0.27717220983620117
2.277523710351654
0.037596051927263986
0.011290758105683004
0.1296352232602386
0.7259661963669727
0.15523845126053434
0.12242264591950765
-0.1612446069027385
-0.1612483502795725
-0.12253344533036353
0.08462241094388195
-0.45811059070815413
0.39479188721190855
0.20630266538631759
0.11298990419714265
0.5455838591230336
0.7530137232754175
0.267547445901948
0.9966567990881986
0.44499316476026485
0.356891356635558
0.7819996372658505
0.8709586354618006
0.3894711964381039
-0.07482719991213527
0.9455099952600259
0.09339437168473337
1.0775057022320764
-0.02466395754141741
-0.2735670674729027
0.04515808500707677
-0.3765049537178626
0.227874798217999
0.1401263855668754
-1.4520427802992895
-0.05185117501344475
0.9570065352446328
0.10825622795455442
0.36368891166077527
-0.8476077652738186
-0.031077791990267906
-0.1325644212761097
0.5407879432311479
0.4891170121573717
-1.6664871665326735
-0.8609289933122523
-1.078190554143195
-0.25253864463482817
0.2860936273240722
0.8383499040655193
0.45590171601364154
-0.17044342181402072
0.7702302989644108
-0.25556855624520025
0.20281440422766905
0.37920661045635284
-0.0274981039761094
0.5880802682370281
-1.5432579876941968
-0.10125879846289464
0.5590655105742479
0.7194579738848146
0.41317271071000117
0.02433044814121292
-1.568559546203613
0.04090310816837487
1.4362095936135277
-0.4957448718463709
-0.32760751045913933
2.2896951465129525
0.34309205242401103
0.3343703122830288
0.3047310241704062
0.6331701801270292
0.6381826564166023
0.3603123774694806
-0.04999400790750655
0.24655999940797668
-0.0998668479860517
0.7808481515541766
0.013004730557914632
0.38374483878170396
0.37609668948172537
0.2086017988753142
-0.0629725967187004
0.5361495645392563
0.3219562791645342
-0.13807635581435168
0.13540215356379373
-1.4710941342893802
-0.24233929451720265
-0.13365762353707022
-0.02338559039819334
-0.23250022247269478
0.2115923448109925
0.43138765165870346
0.9428899274384628
0.4439625026018713
-0.36718516922586253
0.1540722578253086
-0.3559371694291434
0.3443966703133272
1.1732935952164105
0.8268387988188853
-0.41007348974454433
0.17101289364881067
0.5622368261273033
0.5887954955518172
0.24487269244110382
-0.15034740236871605
0.41027257750576207
-0.010693103122696935
0.2168954555677315
1.032150722501972
-1.1045412900517908
0.7213100214923153
-0.024885231154623665
-0.25200864743292284
0.8101394431570011
0.3520657290527911
0.20839825706324439
0.23516653177801952
-0.8682047510685571
1.4084154320094178
-0.0277941366082896
0.6394546442240522
0.6673588383671967
0.26078897660252326
1.6692522298003685
-0.12962563320937384
-0.031037268347728873
-0.187148137460552
0.5449476622119872
-0.38382842705063025
-0.0738791381913177
-0.37282024482945675
-0.07132980251170891
0.7369520329123103
-0.7340065557684756
1.2278339353482794
0.8377882500897411
0.3304254649755819
0.2700644707576042
-0.22287729774035803
0.619486742009308
-1.6936688874036796
0.3181139820936145
0.6040385952863904
0.9996176649843743
0.32238810283035
-0.3271929616128765
-0.8860876713570628
0.1574036160630218
0.1636407728525054
0.1034197448603885
-0.12765635272612103
0.3335993088335899
-0.026946019793435104
0.24787492227621247
0.4466121541496589
-0.012627091158809712
-0.22173704647434292
0.4279160941971001
0.34893702658301684
1.2620734518067376
0.6029976195635953
1.3081182445161397
-2.965296303362787
-0.004834960870750206
1.0475902574067493
0.6645343385220754
4.8633191904612783E-4
-1.5697709068598469
-0.691737626299037
-1.393004506997997
-0.11258369007613063
-0.8095431116311196
-0.1432202363433307
-0.08185110415477165
-0.012167659542480917
0.43585127880475727
1.047294047875314
0.06335348571232449
-0.40394013074331186
-0.08905062242568779
-0.015253955573182099
0.9307127563543882
0.21320108510408534
0.9125023716058961
0.14203140338248071
1.3904551692267884
0.3165460344832341
0.15523827138238505
0.23553403455843072
0.8041506931224384
0.5851954393107078
0.39308900884041154
-1.1141769513165112
0.2915626954102437
0.8918569445844262
-0.7669791399195862
0.08768354144137934
0.5975648075560758
1.6497065984907633
-1.7621936845243447
0.2348890799067993
0.29319154664113745
0.1576919933047998
0.11287259113888069
0.19851113926122188
0.447730222436833
-0.16470901039576888
0.23739093538543593
0.7168995137157693
0.3752687683692338
0.21705099319053148
-0.15495568493350279
0.8208216969392391
-0.34880786674786424
-0.1317815373144507
0.1820514514653745
-0.31686072219919725
0.846059973463163
0.6989415930665285
0.4680594543825595
-0.09247492125626539
-0.09409025385705451
0.680570496731903
0.08048996534600628
-0.2744428653275019
0.9181272898901303
-1.2303794972181292
-0.39119154214200097
0.3318262973569693
0.3528094628896114
-0.3841416064583946
-0.8084135711668344
0.8302449362072261
0.319812244887218
0.9768018899760171
-1.3281142970394266
0.10016756315901391
-0.14270624726486675
-0.3335396272621138
2.2732939731454147
0.21440598570978553
1.1124540934833995
1.4596869712790281
0.19714935440300416
0.10197793548631127
-0.33400103417589316
-0.18999330294122527
0.2419817085994905
-0.10674654829674791
-0.015615269408811566
-0.19549718043681827
0.5636576322785259
0.9116118783892637
0.12643118728616898
-2.3579383885612692
-0.21965381162453068
-0.09032312569219254
0.19350936515674302
0.5188389502347501
1.0372393089272685
0.20359057621166907
0.008154616428643383
-0.03236959928966652
0.4666821761568648
-0.303680669634104
-0.7739213019754722
0.05672983686105191
0.4733460737375347
-0.10349341507601785
-0.18010627707413615
1.8596184513848364
-0.041385844388492465
-0.5901264553440015
6.875019255424308E-4
2.582478125371449
0.17720061155790495
-0.13491743489768532
-0.22389453559722652
-0.15166683841451845
0.07070797863310191
-0.8177386715246684
1.9110171358075538
1.9469927357911545
-0.10056744972133373
0.20613049315835125
-0.021917842213899908
0.08382387343309466
0.4653173060528143
0.18432275907219564
-0.20739435944622783
0.41797050141753006
0.14408219084929877
-0.06584874663148363
-0.5625668666504047
0.3514591295997557
-0.26798594676571724
0.4045878431417089
-0.3302235553024679
-0.3059780522984378
-0.5040349709735475
0.042502945741844086
-0.24110548164749618
-0.1758147045690394
-0.02941449434697321
0.2366650966465512
-2.1827020013896123
0.5054111847584529
0.5207311247429308
-0.5628286237585428
-0.11000649360914189
0.6783315744830469
1.9511287001177877
-0.9222815356151811
0.4252021626173323
0.817106362322091
0.004208252040344061
0.10175017822905531
-0.1680214282507485
1.081578570536682
-0.14949176942103845
0.4366360931737922
0.41445345256335564
1.1365202136440629
-0.32336351752635745
0.19449652956722308
0.9903094808110107
0.26154629711336996
0.5999219568710283
0.12421630292150661
-1.3541533607798206
0.876889773216052
0.13548752072787937
0.05179759040825769
0.25884324955030635
0.3017606341465983
0.5100875352649131
-1.7751315719387555
0.056039930527151637
0.9720634525718952
0.0719894884297425
-0.16763417420167265
0.2728844671812438
-0.2885629433500092
-0.07614025537755238
0.17379507668921132
0.0994034162318269
0.235909470844322
0.05426542337231232
-0.36041875328322687
0.47366172339133833
-0.6713970686463597
-1.519966485547777
-0.0038192562979299403
0.5930840997531548
-0.09827742796164192
-0.342828290157714
0.47158383589628916
-0.7374927420749725
1.0023651378069947
-0.5978436084260976
0.37792897262259767
0.5428084717541083
0.4507393536979507
1.1790397270950905
-0.029979710586748896
0.2549308268738778
0.7081846165787887
-0.13079701497727267
0.37177184349332504
0.0674605784171798
-0.3682303745756263
0.05366163784532499
-0.4937168223732987
0.014780685275544133
2.7827672324141135
-0.27042857142112786
0.26696029453464787
0.07365240773056267
0.10269666744096527
-0.1031356465321622
0.3784182327648495
-0.14087727258814656
0.21791681288312767
1.0314341823286104
0.029742622812579687
-0.6611642171034338
0.05559702746701712
-0.008434251456166613
0.6670278220803559
0.7928813612365624
-2.897123740227869
0.1961468225644812
1.167113528721124
0.9893457577814911
0.30654420247921993
-3.2776203737151244
1.1051722590071684
-0.43424618389452885
-0.11403233296981172
0.1917711578604414
1.044309293206759
0.47165993882315543
0.2806567995246315
-0.9716356888074994
0.6043608893775892
0.0983762165178386
-1.9497895647077421
-0.1342139594823621
-0.039263934344793694
0.25006628200805736
0.46887602656315613
-0.07389155240331317
0.5144801073123734
0.42590023374334296
0.12263366535849311
-0.47719891037853107
0.059287368205631186
0.06548025877696066
-0.017145456229498875
-0.21592055156183035
0.9674837251108155
0.030884046409409834
-0.6206118155554701
0.19162320860749701
-0.14046055868045057
-0.07324663334831562
-0.0010915455798470905
0.2778088220386098
-0.4769588985486686
0.35617382165133316
0.31991932060785844
-0.4724359080167268
0.0227138540257738
-0.6252080439791837
-1.841123520254881
0.2834541087872967
1.1554627142210372
0.7896925793550214
1.2270876307703438
0.7407011733721612
0.8491667741839314
0.09510695679971877
1.1403823998161169
1.0160527574320495
0.11856155128567994
0.5994481767311355
2.2237899915553543
0.7665466492391125
-0.24393574684986685
0.06968879681708788
0.4324665316676219
-0.03802246808493861
0.30012401755801893
0.3675779860798975
-0.8731480514976001
0.128582934031089
0.49359347605681453
0.0993502026529278
-0.19408281302005942
0.2300608404082974
0.24114359542004807
0.7302318706670298
0.18282185846838567
0.5098257242771187
0.061270475430764824
-2.2627995024357856
0.7066123670960842
-2.5876713041856836
0.2075143740957212
0.24467257458605102
0.1709874940896611
-0.1374261875150341
0.22515104441010908
-0.025791921378840038
-0.019986923955522064
-0.9084105989761074
0.08561902565568148
-0.32985553812278545
0.33613386542840057
0.647689387468288
0.18556582374482583
-1.5263796526409419
-0.9610827670593665
-1.7229945355057643
-0.25064698584794043
-0.6048148778236832
0.07663056510250832
-0.4784834918520707
0.028086503383361248
-0.04580169358915614
-0.3674447034057459
0.49727632396580623
0.43373459620462906
-0.43449387468246303
-0.019546857131625447
0.16975916762494694
0.8924375380817099
0.4259809705200076
-0.5561509667588955
0.06912431241928084
-0.21572905393080502
-0.11557045371512625
-0.4018790694872282
-0.234233964990578
-0.3167236754858475
0.7360531889568215
-0.14217089801687502
-0.23841529252502272
0.01967386672765217
1.0340085336088078
0.0720681911811564
-0.06006784153870648
-1.3582691348360687
1.0570441744652987
0.991730845260246
-0.258416210318206
-0.09291154637371969
-0.3394758746703615
0.19370579064882523
0.1959306537017346
-0.0036994897276716207
0.6312393378940301
-0.14323539093368545
0.2828072177950815
0.17428244401911525
0.11799304040588898
-0.18972999019272263
0.31001671702449607
0.22751137374069136
0.8385137667505814
0.30346400046447763
-0.36155319344716635
-0.6647926295140429
0.3655392587593217
-0.3604445782776343
-0.2552954322323378
0.13460487093928505
-0.13990889988217772
2.627705134875211
-0.40340240386212156
0.044977879416936144
0.2338168297190001
-0.2665023586616817
-2.0173949137119997
0.5536191833269415
0.2878482433324051
-0.5388246992451464
0.9512483771053023
0.41578791887477295
2.1979991858773387
0.703353706300072
-0.6609346680301966
-0.1396104513125742
0.7658489306048218
0.30089326924014365
-0.03418692527531934
-0.2601988654730551
0.583038223612233
0.8499848956313683
0.19147319587223605
-0.3516132230594616
-1.5843431303434283
0.6610663790459522
0.40792002106000114
-0.3122779342387607
-0.745741860800324
0.33326872764886983
1.1491418447913853
1.0467533809517438
0.016664988417224195
-0.06797542182512865
0.22562632762316426
1.2268986277462899
-1.3839454434600456
1.7372401657770407
1.2659184547949665
-0.13809706257278012
-0.10880235400786002
-0.06936867949020277
-1.1596319872100267
0.009005396806506022
0.11882730319861227
-1.3385686363018054
0.07181067417415353
-0.48851320924200015
-0.22634888554992097
-0.01564752556969881
-0.3052007895241898
-0.023559053058885372
-0.5129277530008663
-0.46348600237463944
0.12959687206518078
-0.2787341405371301
-0.11307763020601108
-0.461135337513682
-0.12886672673100155
-1.0571743031204837
0.6558877443639926
0.401997696682285
0.12690444639134774
0.16696660985129955
1.208315268420164
0.03367635593045007
0.09668838034067527
0.5090871058753424
-0.47591446970424794
1.0328789766666715
0.0741695922869637
-0.2300768422052407
0.40436412881051464
0.9778069926221912
0.8226213111451205
0.2896001706592123
-0.04442839060337568
-0.48038383715445554
-0.3872425686172097
-0.004401620903680195
0.20678762041796925